
BM
2048
10	0.176867	0.000524	0.000837	0.000495
100	0.804061	0.001200	0.000913	0.001098
1000	1.038157	0.008105	0.000979	0.006726
10000	9.401120	0.055995	0.001090	0.054441
100000	84.952278	0.514107	0.000822	0.513233
AR
2048
10	0.051523	0.009850	0.000828	0.009780
100	0.366276	0.084384	0.000819	0.084380
1000	1.134082	0.929153	0.000996	0.929689
10000	9.310255	8.520699	0.000822	8.260220
100000	83.831345	83.342468	0.000976	94.805450
IR
2048
10	28.820597	0.012307	0.127093	0.001877	301
100	16.837034	0.010778	0.989655	0.001309	301
1000	20.147440	0.011918	9.488327	0.001314	301
10000	97.895470	0.008648	91.605423	0.001294	301
100000	895.889282	0.007863	929.860718	0.001305	301
IROpt
2048
10	12.756951	0.023766	0.045469	0.001523	301
100	11.852941	0.007263	0.068215	0.001621	301
1000	13.400429	0.010503	0.108543	0.001384	301
10000	90.573196	0.017158	0.116009	0.001297	301
100000	908.648315	0.012926	0.150096	0.001304	301
BM_FAS
2048
10	0.089302	0.000895	0.003970	0.002999	0.003793
100	0.332379	0.002263	0.005968	0.004351	0.004769
1000	0.874313	0.018062	0.028703	0.018368	0.020567
10000	1.587695	0.176143	0.224114	0.172186	0.170350
100000	1.640743	1.685379	2.243732	1.676740	1.679109
AR_FAS
2048
10	0.524179	0.031050	0.062262	0.035733	0.036774
100	0.832111	0.268963	0.552981	0.273248	0.270061
1000	0.203796	2.677976	5.407789	2.661077	2.459303
10000	0.334052	26.429884	54.575382	26.183500	26.816235
100000	0.442903	261.228729	595.244446	437.381042	277.269836
BM
1024
10000	3.211932	0.020674	0.000304	0.018995
2048
10000	8.992289	0.051891	0.000830	0.055475
3072
10000	17.247574	0.107175	0.001566	0.099957
4096
10000	28.843451	0.164979	0.002532	0.162338
AR
1024
10000	3.430431	3.346941	0.000301	3.410250
2048
10000	8.998982	8.333023	0.000807	8.421602
3072
10000	16.969273	16.633772	0.001587	17.027700
4096
10000	36.912571	32.154819	0.002829	28.996420
IR
1024
10000	90.057632	0.011679	91.705894	0.000429	173
2048
10000	95.329262	0.008137	94.128159	0.001346	301
3072
10000	112.524750	0.011909	106.809120	0.002631	429
4096
10000	579.774292	0.011951	109.055511	0.004306	557
IROpt
1024
10000	88.400635	0.006279	0.132600	0.000521	173
2048
10000	107.519730	0.007963	0.108621	0.001270	301
3072
10000	110.967880	0.010038	0.210070	0.003089	429
4096
10000	269.456268	0.014515	0.158861	0.004354	557
BM_FAS
1024
10000	0.255827	0.055464	0.085928	0.063687	0.058069
2048
10000	1.431884	0.204027	0.239752	0.180154	0.180698
3072
10000	5.127408	0.324414	0.458952	0.329348	0.326987
4096
10000	10.717866	0.511887	0.729591	0.570311	0.542232
AR_FAS
1024
10000	0.018250	9.728522	18.688681	9.588753	9.435315
2048
10000	0.297507	26.273264	51.540924	26.018929	25.940659
3072
10000	1.436199	49.263580	97.641403	49.344593	49.209072
4096
10000	0.889985	83.714058	165.677628	85.175529	86.001678
