BM
1024
10000	3.477769	0.019740	0.000307	0.023036
2048
10000	9.632576	0.054359	0.000801	0.055067
3072
10000	19.005026	0.104612	0.001832	0.110506
4096
10000	32.920261	0.192344	0.003176	0.183881
AR
1024
10000	3.374943	3.257689	0.000294	3.188164
2048
10000	9.448565	8.676167	0.000816	9.065011
3072
10000	18.233295	16.626051	0.001524	16.384869
4096
10000	31.677248	27.004751	0.002549	27.760632
FastOptBM
1024
10000	1.686817	0.000597	0.000289	0.021169	4.945546
2048
10000	3.536147	0.001728	0.000809	0.062763	13.478660
3072
10000	95.668983	0.004295	0.001943	0.109723	27.006727
4096
10000	339.206207	0.008039	0.004009	0.175135	40.504826
FastOptAR
1024
10000	1.347484	0.000631	0.000301	3.040887	8.344693
2048
10000	9.612180	0.001908	0.000829	8.351839	24.103540
3072
10000	73.306953	0.003810	0.001529	16.192059	45.173908
4096
10000	443.877838	0.006390	0.002589	26.346037	76.516266
