
IR
2048
10	31.868137	0.007836	0.096681	0.001318	301
100	13.465842	0.007117	0.916224	0.001311	301
1000	14.280838	0.008065	8.975549	0.001301	301
10000	95.681808	0.007534	91.395493	0.001553	301
100000	883.949219	0.016101	924.157166	0.001282	301
IROpt
2048
10	10.434878	0.007198	0.038855	0.001295	301
100	20.702732	0.008286	0.066102	0.001293	301
1000	19.080250	0.007371	0.081798	0.001288	301
10000	108.795494	0.009829	0.135418	0.001273	301
100000	863.842346	0.008921	0.167752	0.001297	301
IR
1024
10000	82.116646	0.006545	89.338150	0.000433	173
2048
10000	107.323753	0.010026	98.926765	0.001538	301
3072
10000	172.212524	0.013598	107.315323	0.002920	429
4096
10000	176.729279	0.014663	116.497803	0.004306	557
IROpt
1024
10000	93.960197	0.027614	0.116416	0.000473	173
2048
10000	95.022781	0.009612	0.142154	0.001359	301
3072
10000	180.985535	0.008107	0.141467	0.002940	429
4096
10000	257.873840	0.010728	0.160989	0.004275	557
